01-12-2013/0300Z Synops * --- *

43025 3//// ///// 10220 20195 3//// 4//// 8//// 333 10313 20175 5//// 555 10130=
43081 31996 00000 10210 20178 39724 40159 70500 333 10321 20184 58001 555 10119=

43087 32997 02301 10264 20168 39792 40093 333 10323 20168 59005 555 10295=
43128 31996 20000 10238 20196 39547 40154 70510 80001 333 10288 20179 58001 82070 555 10253=
43133 32597 20000 10268 20224 39904 40134 82500 333 10290 20216 58007 555 10598=
43137 32997 01801 10248 20205 30017 40144 333 10318 20155 58009 555 10101=
43147 22596 70000 10256 20236 30128 40150 84830 333 10316 20240 59003 6995/ 555 00005 10524 =
43150 31596 50204 10264 20241 30075 40144 70522 82531 222// 20000 333 10306 20236 59002 82620 555 10695=
43177 32596 80000 10196 20186 30015 40139 84224 333 10314 20183 58003 555 10355=
43181 21594 60000 10258 20246 30127 40155 71022 83871 333 10310 20233 58002 6001/ 555 00012 10524 =
43182 32596 30502 10264 20244 30091 40150 83500 333 10308 20200 59003 555 10416=
43187 21/93 90000 10244 20241 30143 40154 74544 333 10305 20238 58002 6017/ 555 00167 10674=
43189 32597 50000 10264 20247 30142 40151 81501 333 10314 20240 58000 555 10700=
43213 31996 29902 10240 20216 39829 40148 70500 80002 333 10314 20207 58001 555 10089 =
43220 21596 40000 10254 20239 30139 40146 70542 84400 333 10305 20222 58001 6023/ 555 00228 10583=
43221 32597 53602 10254 20239 30133 40146 83502 333 10315 20225 59003 555 10535=
43237 32597 60902 10264 20219 39752 40144 82872 333 10319 20226 59001 81620 83458 85075 555 10051=
43243 31596 53205 10252 20240 30125 40150 70511 84502 333 10302 20221 58002 555 10557=
43245 32597 63204 10262 20245 30124 40151 83401 333 10303 20246 56799 58002 555 10439 = "LOWER MINIMUM : 24.3 "
43271 32597 73202 10220 20173 39372 40151 83531 333 10270 20185 56699 58006 555 10178=
43275 31596 70000 10242 20215 30027 40147 70522 83570 333 10290 20223 58000 555 10369=


01-12-2013/1200Z Synops * --- *

43086 32596 20000 10292 20198 39940 40115 81501 333 10325 58000=
43087 32997 03201 10304 20160 39740 40035 333 10331 59001=
43133 32597 20000 10294 20227 39870 40123 82500 333 10300 58001=
43137 32997 02701 10304 20256 39961 40084 333 10322 58008=
43147 21596 50000 10278 20243 30099 40120 70162 82831 333 10316 59006 6995/ =
43181 32596 50000 10272 20243 30096 40123 81531 333 10319 58007 =
43187 32597 50000 10272 20249 30120 40131 81832 333 10315 58010=
